
////////////////////////////////////
////  Alexandre OGER 2014-2105  ////
///////////////////////////////////

  

  

// un afficheur LCD I2c 2 lignes de 40 caracteres sur bus I2C
// un  reseau de resistances sur A3
// RX et TX branchés sur un port serie sans fil


/*|
                                -----------                        
                          D7   |           | D8
                          D6   |           | D9  <-- moteur gauche enable
                          D5   |           | D10 <-- moteur droit enable
                          D4   |           | D11
                          D3   |           | D12
                          D2   |           | D13
     RX sans fil ---->    TX   |           | A0
     TX sans fil ---->    RX   |           | A1
                               |           | A2
                               |           | A3        
                               |           | A4 (SDA)  
                               |           | A5 (SCL)  
                                -----------
*/

#include <PCM.h>



char chaine[41];
int index;

int moteur_gauche_enable=9;
int moteur_gauche_noir=4;
int moteur_gauche_rouge=5;

int moteur_droit_enable=10;
int moteur_droit_noir=6;
int moteur_droit_rouge=7;

int cpt_gauche=0; //interrupt 0
int cpt_droit=0;//interrupt 0

int longueur; //nbr d'increment = distance parcourue

int vitesse=220;

const unsigned char sample[] PROGMEM = {
126, 127, 128, 128, 128, 128, 128, 127, 126, 127, 127, 126, 126, 126, 127, 126, 126, 126, 127, 127, 127, 128, 129, 128, 127, 127, 128, 128, 129, 129, 130, 129, 128, 127, 127, 125, 120, 133, 139, 134, 134, 141, 144, 141, 141, 141, 136, 129, 128, 127, 119, 114, 123, 134, 135, 127, 124, 125, 122, 114, 106, 95, 85, 87, 97, 101, 95, 92, 103, 113, 112, 102, 96, 93, 92, 96, 104, 104, 108, 123, 138, 136, 116, 107, 116, 128, 130, 126, 116, 107, 109, 124, 140, 148, 158, 176, 188, 175, 149, 133, 134, 140, 140, 129, 110, 96, 99, 115, 123, 117, 116, 128, 142, 144, 141, 146, 158, 167, 168, 154, 127, 109, 115, 132, 137, 128, 125, 135, 147, 150, 145, 137, 135, 138, 142, 136, 116, 101, 104, 111, 107, 97, 98, 114, 132, 140, 133, 117, 107, 116, 136, 150, 154, 156, 162, 164, 150, 131, 119, 119, 125, 126, 114, 92, 74, 70, 73, 72, 66, 69, 86, 109, 129, 144, 157, 168, 178, 184, 181, 172, 169, 175, 182, 181, 176, 175, 180, 184, 184, 177, 162, 144, 128, 114, 104, 99, 100, 106, 110, 110, 106, 100, 96, 92, 93, 97, 101, 102, 95, 82, 69, 60, 55, 56, 61, 74, 90, 106, 115, 116, 117, 124, 136, 145, 142, 138, 144, 162, 181, 195, 204, 210, 217, 222, 215, 192, 164, 146, 139, 125, 100, 79, 79, 95, 107, 104, 88, 73, 76, 99, 125, 135, 139, 152, 167, 161, 135, 113, 115, 137, 160, 164, 146, 119, 108, 115, 116, 95, 75, 82, 105, 120, 117, 109, 110, 124, 146, 156, 145, 127, 132, 150, 145, 108, 75, 79, 110, 141, 157, 155, 147, 151, 172, 182, 166, 145, 151, 168, 157, 119, 88, 87, 103, 118, 119, 97, 75, 90, 144, 191, 202, 198, 209, 217, 198, 164, 143, 142, 160, 183, 189, 164, 135, 146, 190, 215, 202, 183, 181, 182, 170, 154, 140, 130, 137, 162, 175, 153, 126, 131, 147, 134, 94, 65, 58, 62, 73, 89, 92, 81, 86, 112, 119, 91, 65, 71, 84, 80, 74, 83, 96, 106, 124, 143, 140, 126, 137, 165, 162, 126, 96, 88, 83, 82, 106, 140, 155, 156, 164, 164, 141, 125, 149, 188, 199, 191, 189, 181, 151, 127, 132, 142, 133, 125, 132, 128, 101, 88, 106, 124, 127, 140, 164, 163, 128, 102, 105, 108, 103, 118, 145, 152, 142, 148, 161, 148, 125, 135, 160, 154, 126, 124, 144, 153, 153, 159, 151, 118, 99, 117, 133, 113, 91, 100, 105, 72, 39, 46, 76, 108, 151, 190, 188, 153, 141, 157, 139, 81, 46, 61, 83, 91, 106, 125, 124, 113, 121, 122, 87, 60, 95, 156, 165, 129, 106, 104, 97, 91, 100, 100, 85, 98, 152, 184, 161, 140, 167, 194, 169, 128, 116, 124, 134, 154, 165, 130, 83, 102, 176, 218, 200, 184, 189, 176, 141, 127, 142, 155, 172, 210, 226, 177, 118, 118, 145, 125, 78, 64, 80, 91, 104, 131, 133, 97, 82, 108, 110, 62, 42, 97, 159, 153, 113, 98, 98, 98, 121, 151, 131, 79, 72, 115, 128, 99, 96, 134, 148, 113, 74, 58, 49, 60, 103, 131, 97, 58, 83, 138, 142, 104, 91, 117, 151, 189, 219, 211, 173, 172, 224, 252, 234, 204, 197, 177, 136, 124, 145, 146, 125, 139, 173, 161, 112, 103, 131, 127, 92, 77, 78, 56, 44, 84, 125, 100, 68, 105, 159, 144, 95, 99, 134, 129, 105, 121, 144, 134, 124, 158, 178, 140, 100, 118, 143, 131, 117, 132, 132, 102, 96, 144, 180, 173, 169, 194, 199, 173, 167, 194, 197, 153, 88, 31, 3, 5, 68, 123, 119, 102, 119, 137, 125, 127, 180, 225, 209, 159, 117, 77, 60, 112, 205, 228, 161, 100, 98, 105, 103, 133, 174, 146, 64, 24, 37, 34, 24, 83, 168, 170, 101, 102, 178, 216, 170, 130, 126, 114, 77, 66, 70, 64, 56, 83, 82, 25, 2, 52, 152, 176, 146, 168, 226, 228, 157, 95, 94, 135, 172, 166, 111, 59, 75, 141, 182, 165, 132, 99, 72, 82, 158, 227, 223, 170, 169, 211, 234, 201, 150, 92, 56, 56, 76, 53, 37, 111, 235, 230, 76, 3, 27, 130, 132, 83, 109, 191, 245, 251, 233, 192, 157, 191, 251, 252, 196, 177, 213, 205, 140, 140, 225, 252, 203, 144, 168, 204, 168, 95, 58, 66, 97, 143, 174, 161, 125, 109, 118, 123, 139, 169, 177, 112, 24, 2, 29, 114, 210, 251, 255, 251, 228, 160, 100, 100, 184, 240, 192, 83, 41, 62, 84, 72, 62, 28, 3, 2, 22, 98, 134, 172, 229, 201, 43, 2, 3, 70, 177, 210, 224, 197, 106, 24, 33, 92, 133, 163, 215, 231, 195, 168, 214, 237, 187, 110, 102, 82, 10, 1, 8, 88, 162, 136, 122, 125, 147, 121, 127, 191, 255, 246, 255, 246, 255, 245, 255, 247, 10, 0, 11, 0, 8, 0, 9, 0, 9, 0, 8, 0, 8, 1, 44, 196, 255, 251, 254, 250, 253, 251, 253, 252, 252, 253, 253, 254, 252, 255, 252, 253, 250, 254, 251, 254, 250, 255, 250, 109, 1, 64, 195, 168, 55, 5, 1, 4, 1, 4, 1, 3, 1, 4, 0, 3, 2, 4, 4, 5, 3, 3, 2, 3, 3, 3, 3, 2, 4, 3, 6, 2, 4, 3, 4, 4, 2, 0, 3, 2, 4, 2, 3, 2, 4, 3, 17, 154, 253, 252, 252, 251, 253, 253, 253, 252, 252, 251, 251, 251, 251, 251, 253, 252, 252, 250, 251, 252, 252, 252, 253, 253, 253, 251, 254, 253, 253, 253, 253, 252, 251, 251, 252, 252, 253, 252, 253, 253, 253, 251, 111, 3, 5, 3, 4, 2, 3, 2, 2, 1, 4, 3, 5, 3, 3, 0, 3, 2, 3, 0, 4, 3, 5, 3, 5, 2, 3, 3, 4, 1, 4, 2, 4, 2, 4, 180, 253, 251, 251, 252, 253, 252, 249, 219, 251, 252, 252, 252, 251, 193, 119, 126, 148, 129, 110, 164, 251, 254, 250, 252, 252, 254, 251, 251, 250, 252, 251, 251, 252, 251, 251, 252, 252, 254, 252, 252, 251, 251, 253, 252, 251, 250, 253, 252, 194, 194, 228, 251, 253, 250, 243, 208, 178, 100, 4, 2, 5, 2, 4, 1, 4, 1, 6, 4, 5, 0, 3, 2, 5, 0, 4, 0, 4, 2, 6, 2, 5, 3, 5, 3, 3, 1, 4, 3, 5, 109, 160, 50, 3, 2, 20, 59, 2, 3, 2, 4, 2, 2, 2, 3, 1, 4, 1, 4, 2, 4, 1, 4, 2, 5, 135, 251, 176, 5, 1, 4, 1, 5, 2, 2, 0, 15, 146, 254, 250, 252, 253, 254, 252, 253, 253, 250, 251, 251, 250, 251, 114, 58, 61, 52, 8, 1, 11, 121, 163, 10, 6, 2, 6, 1, 4, 2, 5, 37, 74, 80, 151, 251, 253, 252, 253, 252, 254, 250, 252, 252, 251, 254, 251, 252, 252, 252, 252, 253, 252, 254, 251, 253, 249, 254, 250, 254, 251, 254, 248, 253, 92, 3, 1, 29, 230, 255, 249, 254, 249, 193, 98, 102, 173, 200, 125, 86, 180, 255, 249, 252, 251, 252, 251, 252, 252, 254, 254, 251, 252, 250, 253, 250, 187, 112, 68, 80, 164, 182, 88, 0, 26, 178, 255, 232, 213, 247, 255, 245, 255, 208, 194, 170, 132, 61, 118, 247, 255, 246, 255, 245, 30, 0, 9, 0, 8, 0, 8, 0, 7, 0, 134, 248, 255, 249, 254, 250, 255, 251, 253, 251, 252, 251, 252, 253, 252, 255, 252, 254, 251, 223, 207, 194, 90, 6, 1, 6, 0, 5, 2, 6, 0, 5, 1, 5, 25, 5, 1, 5, 3, 5, 4, 20, 154, 253, 252, 252, 252, 252, 234, 240, 253, 231, 180, 113, 10, 2, 7, 2, 4, 0, 6, 3, 6, 1, 5, 2, 4, 1, 6, 2, 3, 1, 74, 184, 253, 252, 254, 254, 253, 252, 251, 253, 252, 238, 142, 99, 93, 56, 2, 3, 4, 4, 2, 4, 3, 5, 3, 2, 4, 2, 2, 2, 2, 3, 5, 3, 4, 2, 3, 2, 4, 18, 101, 146, 197, 250, 253, 251, 253, 250, 252, 250, 254, 251, 252, 253, 253, 251, 253, 251, 252, 251, 254, 253, 252, 195, 29, 3, 3, 4, 3, 3, 2, 2, 2, 3, 2, 3, 1, 5, 3, 5, 3, 94, 253, 254, 251, 253, 251, 253, 249, 252, 251, 253, 252, 252, 251, 96, 3, 33, 102, 88, 2, 4, 3, 4, 2, 3, 2, 3, 3, 3, 1, 2, 4, 3, 5, 4, 4, 3, 59, 185, 212, 187, 210, 251, 252, 251, 252, 251, 251, 252, 229, 152, 164, 250, 251, 250, 253, 251, 253, 252, 252, 252, 154, 3, 5, 3, 4, 4, 3, 1, 2, 3, 4, 11, 127, 251, 252, 252, 251, 251, 251, 253, 252, 253, 202, 205, 250, 252, 250, 254, 252, 254, 252, 253, 253, 255, 250, 253, 251, 253, 156, 8, 2, 4, 0, 3, 1, 4, 0, 4, 2, 5, 1, 3, 88, 159, 160, 126, 112, 179, 253, 253, 251, 254, 251, 253, 251, 253, 251, 253, 251, 254, 253, 255, 252, 253, 250, 252, 248, 252, 251, 255, 187, 51, 16, 85, 146, 161, 179, 255, 251, 255, 222, 35, 1, 5, 2, 4, 1, 4, 1, 4, 0, 3, 0, 6, 78, 129, 180, 253, 251, 255, 251, 141, 12, 5, 3, 4, 2, 4, 3, 3, 2, 4, 2, 4, 2, 3, 3, 5, 3, 84, 244, 254, 251, 252, 250, 252, 251, 253, 252, 252, 252, 253, 252, 253, 252, 252, 251, 253, 253, 253, 252, 254, 252, 252, 253, 253, 251, 253, 253, 254, 252, 253, 252, 254, 252, 253, 252, 253, 252, 253, 251, 113, 2, 2, 2, 3, 2, 3, 3, 4, 3, 3, 2, 3, 3, 5, 3, 3, 2, 3, 3, 3, 4, 4, 4, 5, 4, 5, 5, 3, 3, 3, 3, 52, 50, 6, 3, 68, 168, 214, 195, 186, 249, 252, 253, 253, 252, 252, 253, 252, 251, 252, 251, 252, 253, 252, 251, 253, 252, 253, 252, 253, 252, 251, 251, 251, 252, 252, 185, 122, 61, 24, 38, 83, 113, 106, 86, 95, 145, 204, 235, 216, 159, 89, 35, 5, 4, 2, 3, 2, 3, 2, 3, 4, 4, 3, 4, 28, 61, 64, 50, 19, 4, 3, 2, 36, 129, 175, 159, 133, 169, 251, 250, 251, 214, 128, 113, 158, 209, 216, 175, 109, 39, 2, 2, 3, 3, 31, 62, 63, 43, 29, 49, 97, 144, 166, 158, 135, 105, 56, 3, 3, 2, 2, 3, 3, 3, 18, 97, 160, 159, 113, 100, 177, 251, 252, 250, 251, 252, 252, 251, 251, 252, 252, 251, 252, 251, 252, 252, 252, 252, 201, 127, 116, 139, 143, 114, 83, 75, 79, 65, 29, 4, 5, 4, 2, 2, 2, 3, 4, 3, 2, 3, 2, 3, 3, 2, 3, 4, 4, 3, 2, 3, 4, 4, 2, 3, 3, 4, 3, 3, 9, 37, 29, 9, 7, 36, 52, 13, 3, 4, 2, 4, 3, 24, 51, 125, 229, 252, 252, 253, 251, 252, 251, 253, 251, 252, 250, 251, 250, 251, 250, 251, 251, 251, 251, 252, 251, 252, 251, 253, 247, 176, 124, 109, 129, 175, 223, 253, 252, 253, 252, 254, 252, 253, 252, 253, 251, 253, 251, 253, 208, 104, 20, 3, 16, 26, 9, 4, 17, 62, 108, 160, 231, 253, 253, 254, 183, 54, 2, 4, 1, 3, 2, 3, 36, 57, 41, 10, 2, 3, 44, 106, 167, 221, 251, 253, 252, 253, 251, 252, 251, 208, 153, 125, 121, 136, 158, 167, 142, 85, 11, 4, 3, 3, 3, 3, 3, 3, 3, 3, 3, 2, 33, 128, 168, 167, 169, 200, 252, 251, 252, 252, 253, 252, 252, 252, 252, 252, 239, 194, 154, 116, 69, 13, 3, 3, 2, 4, 2, 4, 2, 4, 3, 19, 69, 124, 150, 140, 103, 81, 82, 100, 102, 94, 84, 93, 107, 120, 123, 131, 132, 121, 77, 20, 2, 4, 3, 4, 3, 8, 84, 145, 172, 180, 184, 196, 207, 218, 231, 248, 249, 227, 187, 148, 124, 114, 111, 118, 131, 142, 136, 125, 132, 168, 205, 203, 150, 88, 65, 93, 130, 131, 88, 31, 3, 3, 22, 53, 82, 93, 74, 30, 4, 3, 4, 3, 3, 3, 3, 3, 4, 3, 4, 3, 8, 43, 82, 124, 168, 208, 246, 252, 253, 252, 253, 250, 225, 208, 216, 249, 253, 251, 253, 251, 253, 251, 254, 251, 253, 251, 253, 251, 253, 252, 253, 248, 209, 182, 179, 194, 222, 246, 252, 251, 252, 251, 245, 228, 209, 193, 180, 156, 116, 73, 45, 47, 71, 105, 134, 160, 174, 167, 130, 80, 37, 28, 40, 51, 34, 4, 2, 4, 3, 4, 3, 4, 3, 4, 3, 4, 2, 4, 2, 4, 74, 160, 238, 253, 252, 253, 252, 253, 252, 252, 251, 240, 178, 119, 76, 53, 48, 62, 100, 161, 224, 252, 252, 252, 238, 208, 171, 130, 103, 101, 108, 90, 26, 3, 3, 3, 3, 3, 3, 3, 3, 3, 2, 2, 9, 31, 79, 150, 223, 251, 252, 251, 252, 251, 252, 252, 252, 252, 252, 252, 253, 252, 252, 252, 252, 191, 133, 101, 83, 61, 22, 3, 3, 3, 3, 3, 3, 3, 3, 3, 3, 4, 3, 4, 3, 3, 3, 3, 14, 109, 162, 156, 120, 99, 123, 167, 195, 178, 135, 97, 82, 82, 86, 95, 130, 195, 252, 252, 252, 252, 252, 252, 253, 244, 224, 213, 216, 224, 227, 221, 211, 200, 188, 173, 163, 167, 183, 202, 208, 198, 184, 177, 179, 184, 184, 185, 191, 200, 198, 178, 144, 109, 81, 61, 42, 29, 27, 38, 47, 42, 17, 3, 3, 3, 17, 35, 36, 27, 23, 31, 49, 74, 105, 138, 165, 173, 158, 131, 109, 104, 113, 122, 123, 113, 104, 100, 100, 97, 82, 61, 44, 42, 59, 88, 119, 147, 172, 202, 236, 252, 251, 252, 252, 238, 234, 238, 235, 226, 212, 206, 209, 214, 205, 183, 157, 142, 141, 148, 147, 134, 111, 88, 74, 71, 71, 72, 67, 63, 69, 89, 119, 151, 172, 179, 173, 160, 143, 121, 96, 70, 44, 15, 3, 2, 3, 3, 3, 2, 3, 2, 20, 70, 112, 126, 116, 100, 96, 101, 99, 85, 72, 80, 115, 162, 195, 208, 215, 239, 251, 252, 252, 252, 252, 252, 251, 252, 252, 252, 251, 252, 251, 252, 251, 211, 158, 122, 96, 83, 75, 64, 37, 3, 2, 3, 2, 3, 2, 3, 3, 4, 29, 59, 80, 96, 105, 102, 76, 31, 3, 4, 3, 4, 3, 4, 2, 3, 3, 4, 2, 3, 40, 89, 131, 162, 193, 238, 252, 253, 252, 253, 252, 226, 223, 234, 236, 230, 220, 215, 211, 204, 194, 189, 192, 199, 205, 209, 217, 232, 246, 250, 238, 220, 208, 201, 195, 189, 190, 200, 212, 211, 191, 165, 156, 170, 188, 184, 149, 101, 65, 49, 39, 17, 3, 3, 4, 3, 3, 3, 2, 3, 4, 3, 3, 3, 4, 3, 9, 15, 4, 3, 3, 3, 8, 32, 61, 93, 128, 148, 152, 146, 150, 170, 203, 229, 241, 238, 233, 231, 233, 233, 230, 224, 217, 210, 205, 203, 208, 216, 230, 247, 252, 252, 252, 252, 252, 252, 252, 252, 252, 252, 243, 217, 203, 201, 199, 188, 170, 154, 145, 142, 137, 127, 116, 110, 109, 111, 111, 108, 103, 95, 84, 70, 56, 45, 36, 28, 19, 13, 15, 22, 28, 27, 21, 15, 17, 24, 29, 21, 6, 3, 3, 3, 3, 6, 17, 27, 35, 43, 52, 63, 74, 81, 83, 79, 77, 83, 99, 119, 138, 154, 166, 176, 181, 179, 169, 158, 155, 165, 186, 209, 224, 232, 236, 243, 250, 252, 244, 230, 216, 212, 215, 220, 219, 214, 212, 215, 221, 221, 213, 199, 189, 185, 186, 184, 177, 167, 155, 139, 117, 87, 57, 33, 20, 11, 3, 3, 3, 3, 3, 3, 3, 3, 3, 3, 4, 12, 18, 22, 30, 41, 55, 66, 77, 90, 107, 122, 132, 135, 134, 134, 139, 146, 154, 159, 165, 174, 188, 205, 224, 243, 252, 252, 252, 252, 252, 252, 252, 252, 252, 249, 242, 231, 219, 205, 191, 177, 161, 146, 135, 128, 126, 126, 125, 123, 120, 116, 111, 105, 101, 101, 103, 104, 102, 99, 94, 91, 87, 82, 74, 66, 60, 57, 53, 46, 37, 30, 29, 34, 43, 52, 60, 69, 76, 79, 74, 66, 57, 54, 55, 58, 60, 62, 66, 73, 82, 89, 92, 93, 96, 102, 107, 111, 115, 120, 130, 144, 158, 170, 179, 189, 200, 210, 214, 210, 201, 192, 186, 182, 178, 175, 172, 172, 172, 170, 165, 160, 160, 165, 173, 179, 179, 176, 174, 176, 180, 185, 190, 199, 210, 219, 222, 216, 205, 195, 189, 186, 181, 175, 167, 163, 162, 160, 154, 144, 133, 125, 120, 113, 104, 97, 93, 90, 86, 79, 69, 62, 60, 65, 70, 73, 71, 69, 68, 69, 71, 74, 82, 96, 113, 130, 141, 144, 144, 143, 143, 139, 130, 118, 104, 93, 84, 77, 68, 57, 47, 40, 34, 25, 17, 15, 21, 31, 38, 42, 47, 54, 60, 66, 71, 75, 78, 82, 86, 88, 88, 88, 94, 108, 125, 141, 156, 171, 187, 203, 218, 225, 225, 219, 212, 205, 197, 187, 178, 173, 175, 181, 190, 199, 208, 221, 235, 246, 247, 241, 233, 226, 215, 198, 177, 158, 144, 130, 115, 97, 78, 62, 57, 67, 86, 108, 126, 143, 159, 167, 167, 161, 153, 147, 143, 140, 133, 120, 99, 76, 57, 43, 32, 26, 26, 33, 42, 52, 59, 65, 75, 87, 97, 100, 97, 95, 96, 96, 92, 86, 81, 82, 88, 101, 118, 138, 157, 173, 188, 196, 197, 193, 192, 196, 200, 198, 192, 182, 168, 152, 140, 136, 137, 139, 141, 142, 140, 134, 128, 130, 139, 151, 158, 161, 164, 170, 178, 184, 183, 178, 176, 179, 183, 181, 171, 159, 147, 135, 123, 111, 100, 90, 85, 84, 82, 73, 58, 45, 38, 34, 35, 46, 63, 81, 92, 98, 100, 98, 96, 100, 112, 126, 129, 122, 114, 112, 110, 105, 96, 89, 84, 83, 84, 85, 85, 87, 96, 111, 125, 134, 138, 140, 139, 136, 133, 130, 128, 129, 135, 143, 151, 157, 163, 166, 163, 155, 149, 148, 147, 143, 141, 141, 140, 138, 140, 149, 160, 164, 162, 164, 171, 175, 172, 165, 160, 157, 156, 156, 157, 155, 149, 143, 140, 139, 138, 143, 155, 170, 179, 181, 180, 179, 176, 170, 160, 148, 140, 139, 141, 140, 134, 125, 119, 115, 114, 116, 118, 114, 105, 101, 106, 111, 106, 89, 71, 57, 46, 34, 28, 28, 32, 36, 43, 52, 61, 72, 89, 112, 129, 135, 133, 133, 136, 138, 141, 148, 158, 165, 164, 155, 144, 134, 130, 131, 138, 146, 150, 152, 152, 153, 159, 166, 167, 157, 143, 130, 119, 107, 92, 81, 72, 60, 46, 35, 33, 37, 50, 73, 106, 140, 171, 197, 217, 227, 227, 229, 239, 248, 245, 229, 212, 200, 190, 178, 166, 155, 144, 133, 126, 125, 126, 123, 117, 107, 95, 83, 72, 62, 53, 44, 38, 33, 27, 25, 32, 48, 65, 78, 89, 101, 116, 131, 147, 162, 174, 186, 203, 222, 231, 225, 216, 214, 216, 214, 206, 200, 197, 191, 181, 171, 163, 150, 129, 109, 97, 89, 82, 75, 71, 71, 73, 77, 83, 88, 90, 92, 97, 102, 106, 109, 114, 119, 123, 125, 130, 135, 138, 138, 132, 122, 113, 110, 112, 112, 106, 101, 103, 107, 107, 104, 108, 116, 121, 121, 126, 139, 150, 156, 156, 158, 159, 158, 159, 163, 161, 150, 135, 125, 123, 123, 122, 120, 116, 110, 111, 126, 150, 175, 193, 207, 215, 216, 206, 188, 169, 158, 156, 158, 153, 139, 122, 110, 102, 96, 94, 100, 111, 115, 111, 104, 98, 93, 89, 91, 100, 107, 106, 100, 96, 90, 79, 66, 56, 48, 39, 30, 25, 22, 15, 9, 14, 32, 52, 72, 95, 127, 163, 196, 220, 240, 252, 252, 252, 252, 252, 252, 252, 252, 248, 221, 201, 189, 176, 158, 136, 118, 100, 84, 72, 65, 60, 55, 55, 64, 76, 84, 92, 105, 116, 121, 123, 128, 131, 127, 119, 116, 117, 116, 112, 110, 114, 118, 113, 102, 92, 86, 81, 73, 65, 63, 68, 82, 100, 115, 124, 130, 136, 143, 147, 148, 148, 148, 149, 152, 156, 157, 153, 147, 144, 143, 142, 141, 143, 146, 148, 151, 156, 158, 150, 137, 132, 135, 137, 133, 129, 133, 141, 146, 149, 159, 172, 183, 188, 190, 191, 186, 178, 172, 165, 153, 139, 131, 128, 125, 120, 116, 112, 104, 97, 95, 97, 99, 101, 101, 98, 94, 96, 103, 109, 111, 112, 114, 115, 114, 113, 117, 121, 119, 112, 106, 106, 106, 98, 85, 77, 75, 73, 70, 69, 72, 74, 76, 82, 89, 92, 91, 92, 97, 98, 94, 90, 91, 96, 102, 107, 116, 127, 140, 152, 164, 175, 179, 178, 176, 177, 182, 188, 193, 192, 187, 182, 178, 170, 156, 144, 142, 142, 134, 122, 115, 113, 111, 113, 120, 127, 129, 134, 146, 161, 169, 174, 182, 191, 196, 198, 200, 200, 194, 182, 169, 159, 153, 146, 136, 124, 116, 109, 101, 94, 92, 94, 95, 94, 92, 88, 84, 83, 82, 81, 82, 88, 95, 101, 106, 114, 124, 132, 137, 142, 147, 152, 158, 165, 170, 168, 165, 165, 169, 169, 161, 150, 143, 136, 126, 115, 110, 109, 102, 92, 87, 86, 81, 71, 63, 58, 50, 41, 38, 38, 41, 49, 61, 70, 74, 79, 88, 95, 95, 93, 92, 95, 100, 111, 119, 119, 117, 121, 130, 139, 148, 156, 163, 168, 169, 168, 165, 163, 162, 160, 158, 158, 159, 154, 146, 143, 148, 153, 152, 150, 150, 148, 146, 145, 148, 150, 152, 153, 155, 155, 153, 151, 152, 155, 156, 156, 159, 163, 163, 158, 151, 145, 141, 138, 137, 136, 133, 129, 128, 127, 121, 118, 122, 125, 120, 114, 111, 107, 96, 85, 80, 78, 72, 70, 74, 79, 81, 83, 87, 90, 92, 96, 98, 96, 91, 88, 90, 96, 107, 117, 124, 130, 140, 150, 155, 155, 157, 158, 155, 149, 145, 143, 144, 148, 155, 158, 159, 159, 160, 161, 165, 171, 175, 175, 173, 171, 167, 161, 152, 143, 138, 136, 133, 126, 117, 109, 103, 100, 104, 109, 111, 109, 112, 118, 119, 117, 117, 117, 111, 103, 102, 105, 105, 103, 101, 97, 89, 85, 85, 83, 79, 78, 81, 83, 85, 91, 99, 100, 98, 101, 108, 114, 122, 130, 136, 137, 140, 145, 149, 150, 150, 149, 146, 142, 141, 139, 135, 132, 132, 131, 133, 141, 152, 160, 163, 167, 173, 179, 184, 185, 184, 180, 176, 173, 171, 171, 168, 162, 153, 147, 142, 137, 134, 134, 134, 133, 132, 132, 127, 120, 117, 118, 116, 112, 109, 104, 95, 88, 88, 90, 88, 89, 95, 100, 99, 101, 107, 110, 109, 109, 112, 112, 111, 113, 118, 118, 117, 119, 120, 117, 116, 118, 120, 119, 119, 119, 115, 107, 103, 102, 103, 105, 113, 121, 128, 133, 143, 150, 157, 161, 132, 131, 133, 132, 133, 132, 132, 131, 131, 130, 131, 131, 131, 130, 131, 131, 131, 131, 131, 130, 130, 129, 128, 126, 125, 123, 123, 121, 121, 121, 121, 121, 121, 122, 122, 122, 123, 124, 124, 125, 125, 126, 127, 127, 128, 129, 129, 129, 130, 130, 130, 131, 131, 132, 131, 132, 131, 130, 130, 131, 131, 131, 130, 129, 127, 125, 124, 124, 123, 122, 121, 121, 121, 121, 122, 122, 122, 122, 122, 123, 124, 126, 128, 129, 130, 131, 132, 133, 134, 135, 135, 135, 136, 137, 137, 137, 137, 135, 134, 133, 133, 133, 132, 131, 129, 127, 126, 125, 124, 123, 122, 121, 120, 119, 118, 118, 117, 117, 117, 117, 117, 118, 119, 120, 120, 121, 122, 124, 125, 127, 129, 131, 132, 134, 136, 138, 139, 141, 141, 141, 141, 141, 141, 140, 140, 139, 137, 135, 134, 133, 131, 131, 130, 129, 128, 127, 127, 126, 125, 124, 123, 122, 122, 122, 122, 122, 122, 122, 122, 123, 124, 124, 125, 127, 128, 129, 130, 131, 131, 131, 130, 130, 130, 129, 128, 128, 126, 125, 124, 123, 122, 121, 121, 120, 120, 119, 118, 117, 115, 115, 115, 115, 115, 116, 117, 118, 120, 122, 124, 125, 127, 129, 131, 131, 132, 133, 134, 134, 134, 134, 135, 135, 135, 136, 136, 136, 135, 135, 135, 135, 135, 134, 133, 132, 131, 130, 129, 128, 127, 125, 124, 123, 123, 124, 125, 125, 127, 128, 129, 129, 130, 130, 131, 130, 130, 129, 128, 128, 128, 129, 129, 128, 128, 127, 126, 126, 126, 126, 125, 124, 124, 124, 124, 124, 125, 125, 124, 125, 126, 127, 126, 126, 127, 127, 126, 126, 126, 126, 125, 124, 124, 124, 125, 125, 126, 125, 125, 126, 128, 128, 129, 129, 130, 131, 131, 132, 133, 134, 134, 133, 133, 133, 133, 133, 133, 133, 132, 131, 130, 129, 129, 128, 128, 127, 125, 125, 126, 126, 126, 126, 126, 126, 127, 128, 128, 128, 128, 128, 128, 127, 127, 127, 128, 127, 126, 126, 126, 126, 126, 126, 126, 126, 125, 125, 124, 124, 124, 123, 123, 123, 124, 124, 125, 125, 125, 125, 125, 125, 125, 125, 126, 126, 126, 126, 126, 126, 125, 125, 125, 126, 126, 127, 128, 128, 128, 129, 129, 130, 130, 131, 130, 130, 131, 132, 132, 132, 133, 133, 133, 133, 133, 133, 132, 130, 129, 127, 127, 126, 125, 124, 124, 125, 125, 125, 126, 126, 125, 125, 125, 125, 125, 125, 125, 125, 126, 126, 127, 126, 126, 127, 127, 126, 126, 126, 126, 126, 127, 128, 128, 128, 128, 129, 129, 129, 130, 131, 131, 132, 131, 131, 131, 131, 131, 131, 131, 131, 130, 130, 130, 129, 128, 128, 128, 127, 126, 125, 125, 126, 126, 127, 127, 126, 126, 127, 128, 127, 127, 128, 128, 127, 127, 127, 127, 127, 127, 127, 127, 127, 127, 127, 127, 128, 128, 127, 126, 125, 126, 126, 126, 126, 125, 124, 125, 125, 124, 124, 125, 125, 125, 125, 124, 124, 124, 124, 124, 124, 125, 125, 125, 126, 126, 127, 128, 130, 132, 133, 133, 134, 136, 137, 136, 137, 137, 136, 135, 134, 133, 131, 130, 130, 129, 128, 128, 128, 127, 126, 126, 126, 127, 127, 128, 128, 128, 127, 127, 127, 126, 125, 124, 124, 124, 125, 124, 123, 124, 124, 124, 123, 124, 125, 125, 125, 126, 126, 126, 126, 126, 126, 126, 127, 127, 127, 127, 126, 126, 126, 126, 126, 126, 127, 127, 127, 126, 126, 127, 127, 126, 126, 126, 127, 128, 128, 127, 126, 127, 130, 131, 131, 131, 133, 135, 135, 134, 134, 134, 134, 133, 132, 131, 130, 129, 128, 126, 126, 126, 126, 127, 126, 125, 125, 125, 124, 123, 123, 125, 125, 125, 125, 126, 125, 123, 124, 124, 124, 123, 124, 125, 123, 121, 122, 124, 124, 124, 126, 127, 128, 128, 130, 131, 132, 133, 135, 135, 135, 135, 136, 137, 137, 136, 135, 135, 135, 134, 133, 134, 134, 132, 131, 130, 130, 128, 127, 127, 126, 124, 124, 124, 122, 120, 120, 121, 121, 121, 120, 119, 119, 119, 121, 122, 122, 122, 122, 123, 123, 123, 123, 124, 124, 125, 127, 129, 131, 132, 132, 132, 132, 132, 131, 131, 131, 131, 131, 131, 131, 130, 129, 129, 130, 130, 129, 129, 128, 127, 127, 128, 130, 131, 132, 132, 130, 130, 129, 127, 123, 119, 117, 116, 116, 117, 118, 119, 121, 124, 127, 130, 133, 135, 134, 134, 135, 135, 135, 134, 133, 134, 133, 132, 130, 129, 128, 127, 126, 126, 126, 125, 126, 126, 127, 128, 129, 130, 130, 129, 127, 127, 126, 125, 123, 122, 121, 119, 118, 118, 119, 119, 119, 120, 121, 121, 121, 123, 124, 124, 125, 126, 127, 128, 128, 130, 131, 132, 133, 134, 136, 137, 137, 138, 137, 136, 135, 135, 134, 133, 132, 132, 132, 131, 131, 131, 130, 130, 129, 129, 130, 130, 130, 130, 129, 129, 128, 128, 128, 126, 125, 125, 125, 125, 125, 125, 126, 126, 126, 127, 127, 127, 127, 128, 129, 129, 129, 128, 127, 126, 126, 125, 124, 123, 122, 122, 122, 122, 122, 122, 123, 123, 122, 122, 123, 123, 123, 123, 123, 123, 124, 124, 124, 124, 124, 124, 125, 126, 127, 127, 127, 127, 127, 128, 129, 129, 129, 129, 130, 131, 130, 130, 130, 131, 131, 131, 131, 131, 130, 130, 130, 130, 131, 131, 131, 131, 130, 130, 129, 129, 129, 129, 129, 129, 129, 130, 130, 130, 130, 129, 129, 129, 129, 128, 127, 126, 126, 126, 126, 126, 126, 126, 126, 127, 127, 127, 128, 128, 127, 127, 128, 128, 128, 128, 128, 128, 129, 129, 129, 129, 129, 129, 128, 128, 127, 127, 127, 127, 128, 127, 127, 127, 126, 125, 125, 124, 123, 121, 120, 121, 122, 124, 126, 127, 128, 128, 128, 129, 130, 130, 131, 131, 131, 130, 129, 129, 129, 129, 128, 126, 125, 125, 125, 125, 125, 125, 125, 125, 125, 124, 125, 126, 126, 127, 127, 128, 128, 128, 129, 130, 131, 130, 130, 130, 130, 130, 129, 129, 129, 129, 128, 127, 126, 126, 125, 126, 126, 126, 126, 126, 127, 129, 129, 129, 129, 129, 129, 128, 127, 128, 128, 128, 128, 128, 129, 129, 129, 130, 131, 132, 132, 131, 131, 131, 131, 130, 129, 129, 129, 128, 127, 127, 127, 126, 125, 125, 125, 125, 124, 124, 124, 124, 124, 123, 123, 124, 125, 125, 125, 127, 127, 125, 125, 126, 127, 127, 127, 128, 129, 130, 129, 129, 130, 129, 129, 129, 129, 129, 129, 128, 128, 128, 128, 127, 128, 128, 129, 129, 128, 128, 128, 128, 127, 127, 127, 127, 126, 126, 126, 126, 126, 126, 127, 129, 129, 128, 128, 129, 130, 130, 130, 129, 130, 130, 130, 131, 132, 132, 131, 131, 131, 130, 129, 127, 126, 125, 123, 122, 122, 122, 123, 123, 123, 123, 124, 124, 124, 125, 125, 125, 125, 125, 126, 126, 127, 127, 128, 128, 127, 126, 126, 126, 127, 127, 127, 127, 127, 128, 129, 130, 130, 131, 132, 132, 132, 132, 131, 130, 129, 128, 128, 127, 127, 127, 126, 126, 125, 125, 124, 125, 125, 125, 126, 127, 128, 128, 128, 128, 129, 129, 130, 130, 130, 130, 131, 131, 132, 132, 132, 132, 131, 131, 130, 130, 129, 129, 128, 128, 127, 126, 125, 125, 125, 124, 125, 125, 126, 126, 127, 127, 128, 129, 130, 130, 129, 128, 128, 128, 128, 127, 126, 125, 124, 125, 125, 126, 127, 127, 129, 130, 131, 132, 132, 131, 130, 129, 126, 123, 121, 120, 120, 120, 120, 119, 119, 120, 121, 122, 124, 126, 127, 128, 129, 131, 132, 133, 135, 136, 136, 135, 134, 134, 133, 132, 131, 130, 129, 129, 128, 128, 126, 126, 125, 125, 124, 124, 124, 125, 125, 126, 126, 127, 127, 127, 127, 127, 127, 127, 127, 127, 127, 127, 127, 126, 126, 125, 125, 125, 125, 125, 125, 125, 126, 127, 128, 129, 129, 130, 130, 131, 131, 131, 132, 131, 130, 129, 129, 129, 129, 129, 129, 129, 129, 129, 129, 129, 129, 130, 130, 129, 128, 128, 127, 127, 127, 128, 128, 128, 128, 128, 127, 126, 127, 128, 128, 126, 125, 125, 125, 124, 123, 122, 122, 123, 123, 123, 124, 124, 124, 124, 125, 126, 126, 126, 127, 128, 129, 129, 128, 128, 127, 127, 127, 127, 128, 128, 129, 129, 130, 131, 131, 131, 132, 132, 132, 131, 130, 131, 131, 130, 130, 130, 130, 128, 127, 127, 128, 129, 129, 129, 129, 128, 127, 127, 127, 128, 128, 128, 128, 127, 127, 126, 126, 126, 125, 125, 125, 125, 125, 125, 125, 126, 126, 126, 125, 125, 126, 126, 126, 125, 125, 126, 126, 127, 128, 129, 129, 128, 128, 129, 130, 130, 131, 131, 132, 132, 132, 131, 130, 129, 128, 128, 128, 128, 127, 127, 128, 128, 129, 129, 129, 129, 129, 129, 128, 128, 128, 128, 128, 128, 128, 128, 127, 126, 126, 126, 125, 124, 124, 124, 124, 123, 123, 124, 125, 126, 126, 127, 127, 128, 128, 129, 129, 129, 129, 129, 129, 128, 127, 127, 127, 126, 126, 126, 125, 125, 124, 124, 125, 125, 125, 125, 125, 125, 126, 126, 126, 126, 126, 127, 127, 127, 128, 128, 129, 130, 130, 130, 130, 130, 131, 131, 131, 130, 131, 131, 131, 131, 130, 130, 129, 129, 128, 127, 127, 126, 127, 127, 127, 127, 127, 126, 126, 126, 126, 127, 127, 127, 126, 127, 127, 127, 126, 126, 126, 127, 128, 128, 128, 129, 129, 129, 129, 129, 130, 130, 130, 130, 131, 131, 130, 130, 131, 131, 130, 129, 128, 128, 128, 128, 128, 128, 127, 127, 127, 127, 126, 126, 126, 126, 126, 126, 125, 126, 126, 125, 125, 125, 125, 125, 125, 125, 126, 127, 126, 126, 126, 127, 128, 129, 129, 129, 130, 130, 130, 130, 130, 129, 129, 129, 129, 129, 129, 129, 130, 130, 130, 129, 129, 129, 129, 130, 132, 133, 132, 130, 127, 125, 123, 121, 120, 119, 118, 118, 118, 119, 119, 121, 122, 124, 125, 127, 128, 128, 130, 132, 133, 134, 135, 135, 135, 134, 133, 133, 132, 131, 130, 129, 129, 128, 127, 126, 126, 125, 125, 124, 124, 124, 124, 124, 124, 124, 124, 123, 123, 124, 124, 124, 124, 124, 124, 125, 125, 126, 127, 127, 127, 127, 126, 126, 127, 127, 129, 130, 131, 132, 133, 134, 134, 134, 134, 135, 135, 135, 134, 134, 134, 134, 134, 133, 132, 130, 130, 129, 128, 127, 127, 126, 126, 126, 126, 126, 127, 127, 126, 126, 126, 126, 126, 126, 126, 127, 128, 129, 127, 126, 125, 125, 124, 123, 122, 122, 123, 123, 124, 125, 126, 127, 128, 129, 130, 130, 130, 130, 130, 130, 130, 130, 130, 129, 128, 127, 126, 125, 124, 123, 123, 122, 121, 121, 121, 121, 122, 122, 123, 124, 125, 125, 126, 126, 127, 128, 129, 130, 
};



void setup() {

  pinMode(moteur_gauche_enable, OUTPUT);
  pinMode(moteur_gauche_noir, OUTPUT);
  pinMode(moteur_gauche_rouge, OUTPUT);
  pinMode(moteur_droit_enable, OUTPUT);
  pinMode(moteur_droit_noir, OUTPUT);
  pinMode(moteur_droit_rouge, OUTPUT);
  
  pinMode(2, INPUT); 
  digitalWrite(2, HIGH); 
  
  pinMode(3, INPUT); 
  digitalWrite(3, HIGH);
  
  pinMode(13, OUTPUT); 
  digitalWrite(13, LOW);

  attachInterrupt(1, compteur_gauche, CHANGE);
  attachInterrupt(0, compteur_droit , CHANGE);
  
  Serial.begin(9600);
  
  chaine[0]='T';
  
}



void loop() {
 
   if(Serial.available() > 0)
   {
     //on lit sur le port serie une chaine de 40 caracteres max <- sauf si un <cr> (13) vient clore la ligne et stock le tout dans la variable chaine
     index = Serial.readBytesUntil (13,chaine,40); 
     chaine[index] = '\0'; // on clos la chaine proprement
   }  
   
   if(chaine[0]!='T'){

     for(int i=0; i<=index;i++) {       
       switch (chaine[i]) {
        case 'A':
          avance();
          Serial.write('+'); 
        break;
        case 'R':
          recul(); 
          Serial.write('+');
        break;
        case 'G':
          gauche();
          Serial.write('+');          
        break;
        case 'D':
          droite(); 
          Serial.write('+');          
        break;
        case '\0':
          Serial.write('F');
          for (int j=0; j<41;j++)
          {
            chaine[j]='\0';
          } 
          index=0;
          chaine[0]='T'; 
          delay(500);
          startPlayback(sample, sizeof(sample));
          minirecul();
          digitalWrite(moteur_gauche_noir, LOW);
          digitalWrite(moteur_gauche_rouge, LOW); 
          digitalWrite(moteur_droit_noir, LOW);
          digitalWrite(moteur_droit_rouge, LOW);
          goto fin;
       }
   }

  } 
   fin:;
}



void compteur_gauche() {
  cpt_gauche++;
  //Serial.println("G");
  
} 

void compteur_droit() {
  cpt_droit++;
  // Serial.println("D");
   
} 


void controle_moteur() {

  cpt_gauche=0;
  cpt_droit=0;
  while( cpt_gauche<longueur+1 && cpt_droit<longueur+1) {
    if(cpt_gauche>=longueur){
      analogWrite(moteur_gauche_enable, 0);
    }
    if(cpt_droit>=longueur){
       analogWrite(moteur_droit_enable, 0);
    }
    delay(5);
   // Serial.print("gauche : ");Serial.println(cpt_gauche);
    //Serial.print("droit  : ");Serial.println(cpt_droit);
  }  
  //delay(100);
  return;
  
} 



void avance() {
  analogWrite(moteur_gauche_enable, vitesse); 
  analogWrite(moteur_droit_enable, vitesse);
  
  digitalWrite(moteur_gauche_noir, HIGH);
  digitalWrite(moteur_gauche_rouge, LOW); 
  digitalWrite(moteur_droit_noir, HIGH);
  digitalWrite(moteur_droit_rouge, LOW);
  delay(100);
  longueur=20;
  controle_moteur();

  
} 
 
void recul() {
  analogWrite(moteur_gauche_enable, vitesse); 
  analogWrite(moteur_droit_enable, vitesse);

  digitalWrite(moteur_gauche_rouge, HIGH);
  digitalWrite(moteur_gauche_noir, LOW); 
  digitalWrite(moteur_droit_rouge, HIGH);
  digitalWrite(moteur_droit_noir, LOW); 
  delay(100);
  longueur=20;
  controle_moteur();
  
} 


void droite() {
  analogWrite(moteur_gauche_enable, vitesse); 
  analogWrite(moteur_droit_enable, vitesse);

  digitalWrite(moteur_gauche_noir, HIGH);
  digitalWrite(moteur_gauche_rouge, LOW); 
  digitalWrite(moteur_droit_rouge, HIGH);
  digitalWrite(moteur_droit_noir, LOW); 
  delay(100);
  longueur=16;
  controle_moteur(); 

} 


void gauche() {
  analogWrite(moteur_gauche_enable, vitesse); 
  analogWrite(moteur_droit_enable, vitesse);

  digitalWrite(moteur_gauche_noir, LOW);
  digitalWrite(moteur_gauche_rouge, HIGH); 
  digitalWrite(moteur_droit_rouge, LOW);
  digitalWrite(moteur_droit_noir, HIGH);
  delay(100); 
  longueur=16;
  controle_moteur(); 
}


void minirecul() {
  analogWrite(moteur_gauche_enable, 255); 
  analogWrite(moteur_droit_enable, 255);

  digitalWrite(moteur_gauche_rouge, HIGH);
  digitalWrite(moteur_gauche_noir, LOW); 
  digitalWrite(moteur_droit_rouge, HIGH);
  digitalWrite(moteur_droit_noir, LOW); 
  delay(80);
  analogWrite(moteur_gauche_enable, 0); 
  analogWrite(moteur_droit_enable, 0);
}
